>> mytree(0,0,3,90,10,10)
>> mytree(0,0,4,90,10,10)
>> mytree(0,0,2,90,10,10)
>> mytree(0,0,1,90,10,10)
>> mytree(0,0,3,90,20,10)
>> mytree(0,0,4,90,20,10)
>> mytree(0,0,3,90,30,10)
>> mytree(0,0,3,90,40,10)
>> mytree(0,0,3,90,50,10)
>> mytree(0,0,4,90,20,10)
>> mytree(0,0,4,90,30,10)
>> mytree(0,0,4,90,40,10)
>> mytree(0,0,3.5,90,40,10)
>> mytree(0,0,3.5,90,30,10)
>> mytree(0,0,3.5,90,20,10)
>> mytree(0,0,3.5,90,10,10)
>> mytree(0,0,3.25,90,10,10)
>> mytree(0,0,3.25,90,20,10)
>> mytree(0,0,3.25,90,30,10)
>> mytree(0,0,3.25,90,40,10)
>> mytree(0,0,3.25,90,50,10)
>> mytree(0,0,3.75,90,50,10)
>> mytree(0,0,3.75,90,40,10)
>> mytree(0,0,2.75,90,50,10)
>> mytree(0,0,2.75,90,40,10)
>> mytree(0,0,2.75,90,30,10)
>> mytree(0,0,2.75,90,20,10)
>> mytree(0,0,2.5,90,20,10)
>> mytree(0,0,2.5,90,30,10)
>> mytree(0,0,2.5,90,60,10)
>> mytree(0,0,2.5,90,70,10)
>> mytree(0,0,2.5,90,80,10)
>> mytree(0,0,2.5,90,90,10)
>> mytree(0,0,2.5,90,100,10)
>> mytree(0,0,2.5,90,110,10)
>> mytree(0,0,2.5,90,120,10)
>> mytree(0,0,5,90,60,10)
>> mytree(0,0,1,90,60,10)
>> mytree(0,0,2,90,60,10)
>> mytree(0,0,3,90,60,10)
>> mytree(0,0,3,90,50,10)
>> mytree(0,0,3,90,40,10)
>> mytree(0,0,3,90,30,10)
>> mytree(0,0,3,90,20,10)
>> mytree(0,0,3,90,10,10)
>> mytree(0,0,3,90,5,10)
>> mytree(0,0,2,90,0,10)
>> mytree(0,0,2,90,50,10)
>> mytree(0,0,2,90,40,10)
>> mytree(0,0,2,90,30,10)
>> mytree(0,0,2,90,20,10)
>> mytree(0,0,2,90,10,10)
>> mytree(0,0,2,90,5,10)
>> mytree(0,0,2.5,90,5,10)
>> mytree(0,0,2.5,90,10,10)
>> mytree(0,0,2.5,90,20,10)
>> mytree(0,0,2.5,90,30,10)
>> mytree(0,0,2.5,90,40,10)
>> mytree(0,0,2.5,90,50,10)
>> mytree(0,0,2.75,90,50,10)
>> mytree(0,0,2.75,90,40,10)
>> mytree(0,0,2.75,90,30,10)
>> mytree(0,0,2.75,90,20,10)
>> mytree(0,0,2.75,90,10,10)
>> mytree(0,0,2.75,90,5,10)
>> mytree(0,0,2.25,90,5,10)
>> mytree(0,0,2.25,90,10,10)
>> mytree(0,0,2.25,90,20,10)
>> mytree(0,0,2.25,90,30,10)
>> mytree(0,0,2.25,90,40,10)
>> mytree(0,0,2.25,90,50,10)
>> mytree(0,0,2.25,90,60,10)
>> mytree(0,0,1.75,90,60,10)
>> mytree(0,0,1.75,90,50,10)
>> mytree(0,0,1.75,90,40,10)
>> mytree(0,0,1.75,90,30,10)
>> mytree(0,0,1.75,90,20,10)
>> mytree(0,0,1.5,90,20,10)
>> mytree(0,0,1.5,90,30,10)
>> mytree(0,0,1.5,90,40,10)
>> mytree(0,0,1.5,90,50,10)
>> mytree(0,0,1.5,90,60,10)
>> mytree(0,0,1.25,90,60,10)
>> mytree(0,0,1.25,90,50,10)
>> mytree(0,0,1.25,90,40,10)
>> mytree(0,0,1.25,90,30,10)